# [3] x0 = (50.000000, 50.000000, 50.000000, 0.010000)
x1 = 2164.799097, x2 = -4405.321817, x3 = 4052.891539, x4 = 0.010008
Accuration(f(x)): 0.000001 0.000001 0.000001 0.000001 
