# [2] x0 = (-5.000000, 0.000000, 0.000000, 0.010000)
x1 = -1116.826737, x2 = 4830.251592, x3 = 3998.988574, x4 = 0.010012
Accuration(f(x)): 0.000000 0.000000 0.000000 0.000000 
