# [1] x0 = (5.000000, 2.000000, 3.000000, 0.010000)
x1 = 3037.956354, x2 = -4032.992722, x3 = 3880.049237, x4 = 0.010000
Accuration(f(x)): 0.000000 0.000000 0.000000 0.000000 
