zeor with (0.00 0.00 0.00)
-4.715734 3.846289 1.627917
f(-4.715734) = 0.153791
f(3.846289) = 0.196176
f(1.627917) = 0.627922

zeor with (1.55 1.39 1.10)
-1.597368 3.821092 -1.623551
f(-1.597368) = 0.219885
f(3.821092) = 0.185173
f(-1.623551) = -0.623904
