x0 = (20.0, 0.0)
x = 18.802789, y = -0.098204
Accuration(f(x)): 3.931972 0.700503 
