x0 = (0.9, -0.9, 1.25, -1.25)
w = -3.694561, x = -5.108775, y = -0.389123, z = -1.694561
Accuration(f(x)): 0.000000 0.000000 0.000000 0.000000 
