zeor with (0.000000 1.000000 2.000000)
f(0.000000) = 0.000000
f(1.000000) = 0.000000
f(2.000000) = -0.000000
zeor with (1.224394 -0.093133 1.868739)
f(1.224394) = 0.000000
f(-0.093133) = -0.000000
f(1.868739) = -0.000000
